0.999462
0.999462
0.999458
0.999454
0.999445
0.999442
0.999430
0.999425
0.999418
0.999412
0.999407
0.999405
0.999388
0.999381
0.999378
0.999368
0.999330
0.999252
0.999214
0.999195
0.999187
0.999166
0.999142
0.999071
0.998988
0.998895
0.998785
0.998715
0.998663
0.998535
0.998496
0.998442
0.998185
0.998100
0.996436
0.996318
0.996215
0.996178
0.996096
0.994359
0.978601
0.966746
0.961872
0.959606
0.946526
0.897995
0.879453
0.865779
0.757095
0.622640
0.620934
0.619941
0.618867
0.617771
0.615048
0.603129
0.598186
0.589804
0.578488
0.569200
0.560393
0.556969
0.555737
0.539047
0.528359
0.443134
0.442736
0.441440
0.439431
0.437807
0.434603
0.432813
0.431280
0.429391
0.424868
0.419694
0.415200
0.411733
0.409333
0.407547
0.401949
0.398728
0.393035
0.391031
0.388497
0.386230
0.305580
0.304275
0.301504
0.296415
0.294107
0.280095
0.259994
0.244029
0.238279
0.223122
0.217308
0.213099
0.207431
0.200075