0.901738
0.891475
0.877675
0.864796
0.851947
0.842875
0.833629
0.824459
0.809114
0.796660
0.770557
0.750941
0.718994
0.704627
0.684591
0.653369
0.626368
0.566046
0.555328
0.533330
0.505600
0.439169
0.418088
0.398403
0.385910
0.369753
0.354472
0.347916
0.344990
0.342889
0.342517
0.341082
0.338070
0.334450
0.329655
0.322920
0.314709
0.305162
0.294355
0.283674
0.272673
0.258144
0.247843
0.236015
0.226389
0.219094
0.213774
0.211049
0.208418
0.204144
0.201804
0.199608
0.198113
0.196782
0.195395
0.194357
0.192558
0.191303
0.189979
0.188510
0.186848
0.183839
0.168538
0.166888
0.165316
0.163655
0.162536
0.161409
0.160518
0.159556
0.158295
0.157670
0.156328
0.155225
0.154571
0.154118
0.153879
0.153679
0.153516
0.153299
0.152942
0.152830
0.152765
0.152688
0.152575
0.152451
0.152322
0.152228
0.152067
0.151896
0.151652
0.151527
0.151466
0.151421
0.151384
0.151222
0.150934
0.150631
0.150476
0.150249